0     
0     
0     
0     
0     
0     
0     
28    
23    
8     
-9    
-24   
-29   
-24   
-9    
8     
23    
28    
23    
8     
-9    
-24   
-29   
-24   
-9    
8     
23    
28    
23    
8     
-9    
-24   
-29   
-24   
-9    
8     
23    
28    
23    
8     
-9    
-24   
-29   
-24   
-9    
8     
23    
28    
23    
8     
-9    
-24   
-29   
-24   
-9    
8     
23    
28    
23    
8     
-9    
-24   
-29   
-24   
-9    
8     
23    
28    
23    
8     
-9    
-24   
-29   
-24   
-9    
8     
23    
28    
23    
8     
-9    
-24   
-25   
-12   
1     
0     
-2    
0     
1     
-2    
-1    
1     
-1    
-2    
1     
0     
-2    
0     
1     
-2    
-1    
1     
-1    
-2    
1     
0     
-2    
0     
1     
-2    
-1    
1     
-1    
-2    
1     
0     
-2    
0     
1     
-2    
-1    
1     
-1    
-2    
1     
0     
-2    
1     
7     
8     
1     
1     
0     
-2    
1     
-2    
1     
0     
-2    
1     
-2    
1     
0     
-2    
1     
-2    
1     
0     
-2    
1     
-2    
1     
0     
-2    
1     
-2    
1     
